kinematics:
  shoulder:
    x: 0
    y: 0
    z: 0.16270464233949442
    roll: -0
    pitch: 0
    yaw: -4.8929881334147662e-08
  upper_arm:
    x: 0.00020709618459036251
    y: 0
    z: 0
    roll: 1.571396172735078
    pitch: 0
    yaw: -3.7971355748567243e-07
  forearm:
    x: -0.42534489124466918
    y: 0
    z: 0
    roll: 3.140584589846843
    pitch: 3.1402636555005614
    yaw: 3.1415807829180777
  wrist_1:
    x: -0.39251382397112239
    y: -0.00095493438671732185
    z: 0.13356202784576607
    roll: 0.007149622770057886
    pitch: -1.7416433888096412e-05
    yaw: 1.2983495423530827e-05
  wrist_2:
    x: -2.7284324251688676e-05
    y: -0.099608814783093247
    z: 0.00036031465767761769
    roll: 1.5671790456644894
    pitch: 0
    yaw: 1.1366603711888273e-06
  wrist_3:
    x: 4.6495699853159442e-05
    y: 0.09968297985558193
    z: 1.8018690525771473e-06
    roll: 1.570814402789966
    pitch: 3.1415926535897931
    yaw: -3.1415924466716922
  hash: calib_14275315623711910529